0.18,3.53,7.09,0.43,4.67,5.80,0.39,4.83,7.36,8.28,6.99,0.55,6.65,4.86,3.92,3.09,5.47,2.79,7.49,1.51,1.25,7.35,4.85,5.09,3.44,0.47,0.70,3.35,7.55,3.80,5.00,0.10,7.84,2.95,4.11,2.66,2.64,6.81,3.00,4.91,8.11,2.34,1.49,2.93,5.24,6.87,1.39,0.43,7.68,5.94,1.14,5.58,4.09,1.44,1.91,4.07,7.49,7.01,6.23,7.74,6.12,5.53,5.14,4.59,6.67,2.87,5.30,4.94,3.20,5.73,1.30,3.20,5.98,3.63,6.16,0.88,4.62,4.88,6.24,3.15,8.57,6.33,7.65,7.40,3.22,0.28,1.34,4.14,6.08,0.26,5.88,2.75,2.99,4.70,1.19,7.19,4.73,8.64,5.22,8.02
4.44,6.48,8.80,1.56,8.05,2.33,8.18,0.08,3.69,5.56,5.73,5.12,7.45,1.00,2.00,6.55,8.94,8.17,2.26,4.95,2.77,2.67,0.20,5.93,4.44,2.73,2.79,4.33,7.99,4.77,4.79,8.49,3.97,4.70,1.87,8.08,6.73,8.44,1.37,4.09,8.05,6.50,0.97,3.57,8.22,8.44,3.14,5.73,3.92,2.89,4.91,7.59,7.87,4.19,1.36,5.01,3.30,6.77,2.21,2.92,3.05,7.61,2.86,4.01,6.36,2.79,3.01,1.25,3.11,4.43,1.09,5.46,5.93,5.79,5.00,8.52,5.80,2.06,0.34,1.67,5.66,8.73,1.58,7.27,4.99,7.07,3.03,1.30,1.59,1.91,7.13,1.85,1.24,7.50,2.51,7.88,4.21,7.59,5.62,2.15
1.00,7.76,2.04,3.19,1.85,6.18,7.28,0.27,5.88,4.77,8.89,3.11,2.15,3.96,8.58,8.98,5.80,1.05,3.86,8.35,8.30,1.75,4.38,7.40,2.14,0.72,1.36,8.76,7.67,3.19,6.60,1.04,8.42,5.42,0.04,3.18,4.72,8.96,5.75,8.85,4.40,7.09,6.09,5.90,2.91,0.31,8.15,1.54,1.00,5.74,3.33,1.35,8.76,2.82,5.10,5.61,5.09,8.19,8.63,5.02,5.98,3.29,2.88,2.56,5.61,8.25,0.10,6.99,2.39,7.50,4.87,2.85,3.62,2.44,6.27,7.08,4.69,8.94,2.13,6.49,4.86,1.39,3.29,5.83,8.66,1.91,3.45,4.85,0.08,7.23,6.17,7.44,7.83,5.98,3.12,0.92,4.53,6.08,5.52,8.07
0.50,4.44,8.54,3.09,7.48,6.05,6.69,0.33,1.53,3.50,5.77,0.86,0.85,6.43,4.60,7.50,2.09,3.71,2.61,7.10,3.67,6.49,1.18,8.45,3.85,5.38,1.48,5.95,2.25,3.66,1.07,5.88,6.77,2.75,1.93,7.15,1.00,2.47,4.23,3.01,4.16,6.69,6.23,8.27,8.34,5.05,0.51,8.25,5.99,0.36,6.99,2.54,8.32,7.38,6.31,1.89,0.31,3.18,4.22,0.23,4.81,5.72,3.89,2.89,2.04,0.28,3.89,7.89,7.33,5.70,0.41,7.59,0.98,8.65,6.71,5.94,0.23,1.37,5.86,6.95,3.11,8.03,7.39,7.51,6.48,5.05,6.72,6.70,2.95,3.06,3.10,3.07,3.54,0.84,1.11,6.32,7.94,3.00,0.17,3.90
4.50,4.50,6.73,1.32,2.53,1.75,6.68,1.95,3.34,0.00,7.92,3.08,3.86,7.89,7.12,6.60,6.27,6.14,7.42,8.14,3.97,8.96,6.35,1.06,6.18,0.49,6.75,4.17,4.04,8.85,0.10,3.27,3.65,0.73,5.71,4.76,8.96,4.99,3.34,2.90,4.94,5.73,7.46,8.92,7.26,8.01,0.78,8.83,1.73,4.58,3.96,5.61,2.27,0.26,4.72,1.41,2.27,8.16,3.59,1.39,6.84,8.62,7.68,0.64,2.51,8.53,4.52,0.71,1.35,6.14,8.55,1.61,3.44,0.78,1.77,8.17,6.25,5.29,1.15,1.28,1.00,3.29,5.87,2.48,8.42,0.02,8.95,2.67,3.42,3.06,3.05,3.42,1.96,4.40,2.76,1.83,8.18,2.95,4.53,2.91
0.95,8.17,8.56,3.79,8.37,8.86,6.72,1.64,2.46,0.33,0.86,3.70,2.16,8.25,2.34,4.31,3.14,1.55,0.09,3.73,7.21,0.14,3.57,5.27,5.50,6.82,4.70,5.23,0.31,1.80,0.83,8.40,5.91,7.25,8.68,0.59,0.11,2.60,1.56,1.33,5.21,4.72,4.63,2.65,2.42,4.43,3.36,0.34,4.22,3.12,2.93,6.09,7.97,6.70,8.67,7.55,0.71,0.12,0.14,2.24,4.53,0.80,7.66,0.95,5.68,7.28,3.93,8.18,3.52,1.37,2.58,7.88,4.19,4.12,8.86,7.51,1.19,6.78,6.61,0.93,5.36,8.01,4.41,1.72,0.48,5.28,6.98,0.28,7.61,4.65,7.97,0.62,7.45,4.78,2.40,7.34,2.93,6.06,3.66,6.88
4.41,6.44,5.96,5.17,8.07,4.64,0.86,7.22,4.88,0.77,2.28,2.90,0.24,1.33,3.71,2.87,6.92,3.96,6.91,7.68,7.22,6.60,7.30,7.20,3.02,4.74,8.83,0.35,3.34,4.14,0.10,7.30,3.73,3.02,1.90,7.89,2.61,1.20,0.75,1.68,2.49,0.58,3.24,7.74,5.99,7.48,7.64,8.88,7.60,2.30,0.44,3.38,0.01,6.10,4.73,6.84,4.35,1.63,8.79,0.31,3.88,5.47,2.60,5.13,2.38,8.11,6.69,1.68,7.32,3.82,1.83,3.39,8.23,1.11,2.90,7.83,8.62,1.98,7.01,2.46,6.70,0.14,2.71,7.44,8.80,4.39,7.00,5.29,7.84,8.96,1.60,1.92,1.21,8.71,4.79,3.61,0.78,6.06,1.49,6.05
1.94,3.46,7.36,6.12,5.02,7.69,7.81,7.78,4.54,6.62,8.98,2.76,5.30,6.09,3.29,5.17,1.24,6.19,3.89,2.86,7.00,1.45,0.33,8.09,5.12,7.67,5.19,4.75,1.65,1.43,5.75,4.31,8.23,0.51,1.32,6.99,3.58,8.40,4.60,8.55,2.85,6.57,1.95,7.76,7.29,7.45,3.94,3.48,2.04,1.22,2.10,2.08,7.37,5.73,4.15,7.49,4.93,5.51,7.36,4.41,8.39,4.13,0.92,8.07,8.13,6.65,7.25,6.82,7.50,5.19,1.87,5.63,5.96,4.53,0.03,6.88,6.84,6.48,0.11,7.26,1.90,4.60,3.32,3.62,2.07,4.70,2.98,7.23,8.74,7.26,4.30,8.38,8.05,3.55,5.90,5.95,8.15,0.51,4.10,8.00
1.52,6.75,7.29,3.97,8.86,2.36,6.15,3.94,1.09,4.92,6.40,2.90,7.00,0.87,3.73,1.10,8.47,1.29,6.01,6.12,3.41,3.30,1.72,1.98,2.48,1.03,5.37,7.67,7.38,7.69,1.44,3.97,4.05,6.31,2.81,1.70,2.04,1.93,3.16,2.64,0.87,7.48,6.67,5.63,4.68,6.31,7.77,0.05,2.49,7.79,6.22,0.92,7.09,7.37,1.07,3.70,2.39,0.60,4.06,4.40,8.17,2.57,4.84,6.27,1.28,2.05,1.42,8.86,2.45,5.60,7.66,6.48,8.06,8.77,7.23,7.21,7.63,6.67,3.86,7.54,2.41,1.85,2.07,8.45,4.37,4.68,3.64,5.50,3.13,2.80,8.17,6.79,7.19,1.74,6.84,4.58,1.94,5.40,1.79,2.94
4.91,6.04,0.08,3.85,0.06,4.82,7.86,0.71,1.29,6.13,4.47,5.78,1.22,5.20,2.59,5.12,0.20,5.81,6.37,8.84,6.53,4.81,5.45,4.01,3.59,5.74,5.58,2.27,6.47,0.32,8.80,8.52,1.99,4.11,5.11,5.98,4.39,7.84,7.35,1.59,1.60,0.07,2.28,1.94,7.49,3.87,1.63,3.07,0.19,5.57,7.73,3.93,5.64,0.86,6.85,6.03,2.32,5.55,8.95,1.79,2.70,4.01,6.06,7.37,3.02,7.18,7.30,2.11,6.44,7.15,1.86,3.08,8.50,1.23,7.92,2.53,3.29,6.07,0.79,8.07,4.40,7.47,8.94,2.95,4.00,8.79,8.11,7.12,1.21,7.56,7.29,0.33,6.48,2.65,5.53,7.01,3.92,0.69,7.71,6.44
8.14,4.17,4.73,1.35,6.76,4.13,7.65,8.27,4.45,3.52,7.70,6.52,3.09,6.60,1.63,7.66,2.72,0.24,1.23,5.20,0.23,3.39,6.06,3.54,1.21,2.32,4.51,4.13,5.69,0.78,6.34,4.83,4.61,6.36,8.98,2.87,1.97,1.60,0.65,3.96,8.55,1.27,6.96,3.39,1.11,3.03,1.08,8.64,7.03,2.42,7.84,5.64,1.10,7.89,3.86,2.05,2.67,2.77,1.17,7.98,5.27,0.18,4.08,2.03,0.10,5.15,3.66,4.94,3.98,0.73,4.97,6.18,8.30,6.43,5.03,3.54,8.22,8.42,7.66,6.80,4.29,3.19,1.69,3.11,5.29,0.79,7.85,0.13,4.83,5.85,7.13,6.86,5.43,2.69,4.95,2.97,8.97,6.26,4.94,0.55
5.70,6.35,0.62,6.39,6.42,1.61,6.71,5.22,6.28,8.85,1.19,8.55,7.72,3.95,5.45,3.02,4.43,5.10,5.04,6.40,6.83,2.06,1.63,5.21,2.19,2.55,8.40,2.61,4.02,4.23,5.52,3.75,3.98,0.42,1.01,0.24,3.81,8.24,2.07,2.64,7.03,8.07,6.36,6.71,5.94,0.57,2.94,2.19,0.72,5.32,8.53,5.94,1.97,2.48,0.11,4.56,3.61,1.23,6.70,6.46,1.78,7.86,6.75,4.64,2.02,1.94,3.53,8.57,2.01,0.35,1.87,4.52,1.77,7.47,8.28,1.45,1.10,8.74,7.49,3.56,1.77,3.29,3.63,0.93,8.54,7.62,0.26,4.56,1.75,7.23,8.22,3.41,5.72,6.48,6.75,7.99,2.18,5.75,3.83,4.67
9.00,2.34,2.01,1.99,3.58,1.67,8.84,7.15,6.87,8.68,4.14,5.06,0.13,2.70,2.36,4.75,1.50,4.57,5.60,0.40,3.49,8.72,0.43,8.02,7.04,4.29,2.09,4.54,2.89,6.12,5.75,1.66,0.29,6.80,7.78,5.69,7.21,2.29,2.64,7.55,5.86,2.98,3.51,0.50,8.79,5.02,7.72,7.50,0.46,8.11,7.58,0.64,1.89,6.58,0.33,8.78,5.64,5.16,7.71,1.36,8.51,8.75,0.49,8.56,2.99,3.23,3.61,0.68,0.56,1.35,0.73,8.95,7.31,5.32,0.61,4.53,0.61,0.81,1.19,1.23,1.52,5.82,4.40,8.35,2.55,2.69,5.53,8.84,6.69,6.98,2.41,3.72,1.07,8.88,0.58,0.66,2.56,8.61,6.30,1.38
5.70,5.99,3.85,3.46,8.51,6.12,3.70,4.09,0.77,1.26,3.24,5.99,6.69,7.70,8.40,0.86,2.16,0.84,1.80,8.52,9.00,8.31,3.28,7.92,6.69,4.41,4.40,7.22,0.68,4.49,1.21,2.23,8.90,5.46,3.07,7.83,7.05,4.44,2.41,2.37,1.86,5.59,5.10,2.93,7.67,1.62,0.26,5.53,2.12,3.44,4.55,0.37,1.96,3.67,4.79,7.94,0.60,7.74,7.17,7.42,8.16,7.81,8.43,6.50,5.72,4.37,2.51,6.01,8.59,7.97,7.80,7.76,0.41,6.50,3.87,6.76,7.25,6.51,2.33,0.36,6.83,4.66,8.70,1.31,5.13,4.61,5.60,7.54,2.37,2.59,0.78,5.16,5.82,0.46,7.57,8.08,5.63,8.73,4.82,8.81
1.80,2.94,4.98,7.86,3.46,3.41,0.79,3.64,1.48,6.16,0.63,8.47,2.03,1.74,3.34,8.07,6.39,4.71,4.38,7.14,0.09,0.17,4.94,5.12,7.84,3.03,5.10,2.81,4.23,7.07,2.91,4.70,7.51,7.34,8.13,3.79,8.87,1.55,8.91,6.19,1.09,4.78,2.16,7.72,1.31,5.73,8.52,6.62,6.98,0.27,4.46,8.00,6.91,6.83,5.01,1.37,5.47,2.15,1.14,1.02,3.48,1.43,3.09,7.68,6.53,6.74,7.16,0.81,8.88,4.37,1.66,0.21,1.73,8.18,0.30,6.83,1.30,6.53,3.72,4.10,8.38,5.44,7.16,2.01,3.08,6.42,1.82,5.54,2.67,2.26,6.17,2.59,2.89,6.30,3.86,0.79,5.03,0.57,5.12,8.62
0.91,8.84,2.57,5.80,0.68,7.50,1.80,2.07,0.32,8.02,2.01,7.25,5.42,6.49,7.28,2.76,7.73,5.46,5.39,4.68,0.36,8.07,2.50,8.10,3.30,6.47,2.35,3.33,0.36,3.65,8.43,2.36,3.55,7.10,1.44,8.50,4.68,3.18,8.83,2.20,2.95,6.60,3.61,3.21,7.04,1.78,6.10,6.60,7.06,7.04,7.41,2.68,0.54,0.34,5.08,2.71,3.90,4.10,5.84,1.25,4.02,6.68,2.91,1.97,4.52,2.52,2.15,0.55,7.86,0.85,5.64,3.95,0.84,6.18,7.46,4.65,4.93,4.86,5.00,8.76,5.92,3.66,8.65,2.87,5.75,6.37,3.73,3.95,2.77,3.67,2.23,0.87,1.67,8.88,6.63,6.90,5.89,0.47,6.96,0.19
5.45,0.47,8.33,8.43,7.47,4.47,5.34,0.58,8.46,7.29,1.57,8.64,5.29,7.78,2.08,4.30,0.26,0.19,6.17,7.43,8.39,3.74,4.75,4.23,2.77,3.75,6.18,4.59,6.08,1.79,2.75,6.82,1.25,5.06,5.84,1.56,7.39,1.38,0.77,4.93,8.73,5.23,7.16,1.11,0.03,8.80,5.96,0.16,5.51,8.78,0.46,5.25,7.52,3.88,1.69,6.30,8.28,0.55,7.91,3.12,0.99,3.97,6.60,4.35,0.16,5.70,0.81,2.75,8.73,7.86,0.53,3.70,0.47,5.36,8.05,6.62,0.89,8.07,1.11,2.91,1.04,7.89,1.74,7.11,8.71,1.99,7.55,4.36,3.53,4.78,1.88,0.28,4.28,6.14,1.78,2.24,3.67,8.63,8.47,0.44
5.54,2.67,1.69,5.03,8.85,1.24,7.27,4.15,8.53,2.55,2.21,4.27,2.14,3.48,5.98,8.45,8.26,6.42,2.99,2.65,2.50,4.57,2.87,5.80,3.12,0.47,0.88,0.89,4.62,0.11,6.77,3.37,0.51,3.77,1.95,6.47,7.80,5.71,3.66,5.13,2.84,7.12,7.14,1.95,8.42,8.51,3.71,0.23,1.99,3.09,5.46,5.43,1.76,0.19,3.44,2.53,5.71,3.36,6.91,6.14,4.48,7.77,0.08,4.25,8.26,7.60,5.54,5.55,8.18,8.96,7.10,1.08,6.73,3.52,1.77,7.53,6.32,4.23,7.93,1.20,0.84,8.80,8.86,4.03,6.81,0.99,2.65,8.80,1.33,8.95,0.11,2.52,3.66,1.69,2.91,5.45,2.23,4.99,8.34,0.24
1.27,0.68,1.29,6.25,7.49,2.41,0.42,3.69,0.75,4.53,4.53,5.97,0.66,7.23,3.90,1.64,2.68,0.00,6.84,5.87,6.07,3.15,1.02,0.92,0.31,8.27,0.27,5.18,6.08,8.13,5.37,7.36,4.10,3.61,1.71,6.36,5.55,8.46,3.03,6.13,2.00,5.03,1.63,6.91,5.61,8.02,6.63,5.53,6.53,4.33,8.86,4.43,1.88,6.17,4.46,2.95,1.15,0.38,4.53,6.09,8.90,5.13,1.67,7.80,0.57,2.61,8.76,3.56,3.55,7.73,2.54,6.69,2.18,6.32,7.60,4.27,5.80,5.20,1.93,7.29,0.56,4.78,6.71,4.91,8.83,6.47,1.66,2.37,6.83,4.70,5.94,6.43,7.20,5.31,8.75,6.39,4.57,2.50,8.99,4.90
0.18,3.54,0.17,5.17,8.52,8.33,3.84,3.19,2.95,6.92,8.46,0.06,5.23,7.49,8.91,6.28,5.22,5.80,0.18,3.48,6.31,2.62,0.07,5.73,0.93,1.21,4.54,4.51,0.96,0.59,3.33,7.92,1.97,2.79,2.12,3.39,3.21,4.04,6.92,7.52,3.88,8.07,4.37,4.07,3.05,0.57,2.19,4.58,7.82,3.00,8.31,4.41,4.01,3.35,3.37,7.21,1.01,2.87,6.71,7.78,2.66,1.80,8.77,1.31,7.84,5.80,3.55,6.35,1.19,5.40,0.98,0.80,2.20,3.20,5.74,1.25,0.06,6.28,4.56,8.54,5.34,5.17,3.14,7.29,1.73,4.32,0.32,7.12,8.18,6.07,0.96,8.45,8.55,7.50,3.86,2.84,6.58,6.30,5.09,8.18
6.52,3.95,5.11,2.94,8.28,7.90,0.12,3.66,8.35,1.44,6.17,1.34,0.20,6.50,4.72,4.29,7.02,0.38,6.79,5.43,3.72,3.66,3.45,1.22,5.37,8.50,6.95,0.35,0.42,8.06,5.23,3.65,6.87,6.23,7.04,6.75,7.38,1.35,1.95,2.35,1.76,7.63,6.22,5.24,6.02,8.70,1.12,2.30,3.45,4.44,0.97,2.13,5.64,1.21,0.94,1.91,1.85,4.83,4.46,2.73,8.97,0.95,4.76,7.68,8.49,8.08,3.55,2.22,3.55,0.56,1.32,6.83,0.87,6.76,4.39,1.81,1.77,4.04,2.92,6.61,4.53,8.08,6.20,1.58,0.94,4.80,2.46,2.03,7.43,0.26,7.59,3.24,5.14,3.56,0.90,8.11,6.01,1.90,0.80,6.13
0.92,4.33,1.70,7.75,1.07,0.69,2.82,3.40,2.07,0.53,3.76,6.19,6.54,4.53,8.33,5.93,5.64,1.28,6.79,2.27,4.03,7.37,7.43,7.07,4.97,8.03,5.53,3.63,3.34,6.75,3.01,8.46,1.54,7.14,4.57,1.96,0.19,3.45,8.29,1.98,1.83,5.42,5.17,7.41,1.48,5.68,0.16,5.69,0.06,5.16,1.00,8.28,7.36,1.88,7.89,3.94,6.24,2.07,8.93,6.05,0.29,3.68,4.98,4.45,3.98,2.31,6.26,3.65,8.63,0.25,3.17,1.46,6.45,8.60,1.43,1.43,6.41,7.15,4.81,7.52,7.60,8.06,5.24,0.15,1.17,5.95,7.27,5.67,0.62,3.50,6.00,4.49,5.46,5.46,4.10,5.88,6.55,5.89,3.95,3.66
0.43,2.73,6.26,1.71,3.72,2.57,6.05,4.21,1.06,1.46,7.55,4.22,7.64,8.71,1.69,3.52,5.87,5.08,8.47,4.97,5.12,2.97,3.98,8.53,3.89,4.98,4.39,6.43,1.58,7.25,3.96,7.98,7.80,8.86,7.63,4.57,8.69,7.13,5.31,5.97,4.15,1.27,3.47,3.15,5.53,0.62,2.84,7.89,4.23,1.60,7.09,6.57,7.66,4.09,7.42,7.99,4.70,2.19,7.63,6.04,5.15,5.07,0.46,0.86,0.18,4.43,2.30,2.08,2.05,4.49,5.91,0.31,6.00,4.75,0.82,6.97,4.16,7.87,4.25,7.48,8.73,1.51,8.96,0.51,7.26,7.40,6.28,2.95,4.43,5.78,8.57,8.27,4.36,7.06,2.33,4.01,1.07,3.42,7.81,7.79
4.39,4.92,1.79,5.71,6.61,1.97,3.30,5.78,5.97,4.90,1.28,7.80,1.27,5.00,0.82,4.59,7.33,1.91,1.13,8.51,3.68,3.15,2.55,1.87,0.62,1.47,8.27,2.57,2.85,0.43,0.74,2.21,8.26,7.61,0.17,8.51,5.80,1.81,6.27,0.33,2.47,6.18,6.77,1.24,3.64,3.00,8.99,7.02,4.45,6.24,1.52,6.84,7.34,4.85,0.61,6.26,5.82,0.88,4.59,3.03,6.87,6.15,6.82,1.90,1.09,5.90,6.83,3.79,1.90,3.92,6.16,1.35,1.69,8.52,8.02,4.81,7.58,1.33,7.92,3.60,6.26,4.43,2.10,0.99,8.74,1.73,0.88,2.58,0.81,4.55,0.95,1.68,2.08,8.55,8.09,5.45,2.21,8.54,4.37,3.13
0.50,6.47,6.61,7.50,4.65,2.04,8.89,7.97,3.31,4.01,0.96,0.99,7.61,1.38,0.73,0.27,0.38,1.70,0.85,8.27,5.81,6.66,6.80,2.68,4.51,5.65,6.30,7.66,4.52,4.05,2.50,2.04,4.85,7.10,8.47,4.63,7.80,3.92,6.06,0.55,2.65,1.82,1.89,4.83,3.54,1.22,5.74,5.53,8.86,1.85,5.19,7.98,4.52,8.49,0.18,0.22,2.00,2.34,2.29,5.84,3.60,5.48,0.75,7.14,4.94,2.75,3.32,3.49,3.96,2.06,0.40,3.27,7.50,0.35,1.72,1.33,7.39,8.06,5.40,7.27,3.56,4.05,7.13,2.97,7.96,0.20,2.29,6.51,3.29,5.90,5.25,1.82,6.78,4.59,2.05,3.01,3.14,5.89,5.02,6.45
3.67,3.59,4.73,7.35,7.30,5.07,4.91,5.74,6.18,6.06,6.44,6.56,5.48,3.01,0.59,1.26,5.09,3.14,0.95,6.77,4.93,7.06,8.49,6.57,0.99,0.29,2.47,7.54,2.49,2.79,2.27,7.04,0.50,6.57,5.20,8.38,0.54,3.78,6.88,3.15,5.72,1.48,5.89,4.19,6.44,2.61,7.32,1.76,1.82,6.30,6.25,2.24,7.83,0.39,8.58,4.98,8.87,4.33,6.73,0.76,8.88,5.61,4.46,6.24,2.79,0.48,7.95,5.52,0.70,0.97,2.79,3.25,8.86,8.83,8.36,0.63,8.62,8.97,3.17,2.33,2.55,2.81,5.11,5.25,7.62,6.54,8.12,4.90,3.66,3.97,0.15,0.48,0.21,8.11,8.93,2.70,5.71,1.66,2.00,2.32
0.51,7.76,6.28,2.76,8.76,1.07,4.35,6.79,4.71,5.57,4.63,3.37,8.81,8.31,6.24,8.62,6.93,4.54,0.83,7.42,8.00,8.87,4.10,3.55,4.68,1.83,0.49,5.85,6.36,7.68,6.39,8.35,6.04,1.74,2.37,6.45,1.33,3.69,3.10,4.08,5.75,3.54,0.42,8.65,6.38,0.21,6.59,8.79,3.45,2.26,8.85,3.75,7.39,4.32,8.26,2.48,0.33,8.40,3.22,3.14,4.14,4.56,3.80,3.03,2.51,6.94,3.63,6.85,8.70,7.69,6.84,2.26,3.82,6.58,2.23,5.05,5.42,0.34,1.85,3.40,5.32,3.02,0.51,3.92,0.20,5.59,8.75,4.63,3.65,8.58,1.99,5.53,6.04,3.56,7.05,4.75,5.15,2.15,0.38,6.48
6.81,4.30,5.54,2.80,5.63,5.70,8.00,8.97,8.69,8.18,4.01,2.13,7.53,0.26,7.54,8.93,5.03,7.67,1.35,4.82,4.66,5.95,2.01,4.61,4.52,6.72,1.45,7.77,5.97,0.24,7.22,3.62,6.60,5.79,6.86,0.15,5.36,2.05,6.21,7.99,5.14,5.42,6.53,8.93,4.93,4.21,8.23,7.50,7.92,0.75,3.52,8.04,1.91,8.77,4.28,8.87,6.42,4.50,5.30,4.47,4.43,1.81,8.82,5.84,6.92,1.42,6.34,6.15,7.40,5.28,4.00,8.78,8.41,0.25,0.30,1.43,6.94,4.90,2.06,5.31,3.95,3.71,0.50,1.41,5.06,6.07,0.21,6.53,7.79,1.98,2.13,6.88,5.90,6.32,1.19,2.59,0.29,9.00,0.97,5.37
8.76,3.56,0.31,5.77,5.64,3.33,8.78,4.49,1.44,7.36,2.53,5.93,8.40,7.57,5.47,7.66,8.60,6.08,4.78,8.27,8.12,4.71,4.76,5.21,0.22,0.15,1.50,5.55,6.05,4.37,4.72,1.48,8.48,4.21,0.92,7.60,3.43,2.46,4.04,4.35,8.45,4.84,1.84,6.35,5.36,6.63,7.17,4.43,2.55,6.90,0.03,6.80,2.39,0.39,2.00,7.34,2.68,4.50,5.07,1.66,5.52,4.87,5.04,7.69,1.16,7.01,5.41,2.01,0.06,1.93,6.68,2.78,6.77,7.68,4.99,8.30,4.65,0.03,3.76,3.98,4.95,1.92,2.50,4.98,0.29,2.52,7.02,4.67,8.70,8.03,7.50,1.18,5.89,1.78,2.77,3.96,1.51,5.93,1.97,3.56
2.77,6.29,1.63,6.91,4.10,4.57,2.46,8.49,2.45,8.78,1.52,3.78,7.87,7.60,0.56,2.80,6.80,4.14,2.73,0.07,8.40,8.99,8.43,5.03,4.63,8.84,3.88,7.35,4.19,2.10,3.05,3.56,5.02,7.99,0.53,7.71,8.36,7.37,4.32,1.85,8.20,4.55,0.22,0.34,2.54,8.09,8.08,4.71,1.35,5.40,2.83,5.74,4.05,3.02,2.34,4.30,6.01,4.07,6.74,8.04,7.20,2.16,4.25,6.79,8.60,0.18,8.40,0.54,3.81,4.64,3.93,0.99,1.75,4.20,2.21,6.23,0.12,3.28,0.48,8.85,7.51,6.71,4.82,8.68,5.89,3.56,8.09,2.98,4.81,0.74,7.57,2.67,8.98,3.23,4.01,4.68,0.61,3.57,0.48,6.56
1.88,8.01,6.45,0.96,0.46,0.46,3.02,5.57,6.73,2.92,0.28,0.42,1.67,4.11,2.92,0.57,8.47,0.69,6.42,4.52,7.85,4.07,0.59,6.57,6.30,3.44,6.68,3.54,1.81,1.25,5.12,2.46,4.90,0.11,3.55,6.06,3.68,7.45,4.36,7.63,0.16,5.74,5.83,1.59,4.50,6.83,0.44,4.52,1.36,2.34,0.11,5.94,4.58,1.53,3.99,3.26,7.86,3.42,2.62,6.83,3.70,4.92,6.94,8.45,8.97,4.76,2.24,6.67,6.40,8.28,7.47,1.84,7.68,4.05,7.27,1.48,5.59,7.52,4.48,1.85,5.06,4.44,8.45,6.66,0.09,6.37,0.99,5.95,5.05,7.39,7.21,8.26,1.93,0.71,1.44,1.72,4.02,6.71,0.39,1.63
3.23,5.79,7.75,2.29,5.83,1.58,1.40,7.44,1.37,2.60,7.96,7.60,3.41,7.19,5.14,0.49,1.99,6.31,6.66,4.41,6.54,5.10,8.25,3.22,3.25,4.80,6.60,4.66,8.47,4.36,8.18,8.43,3.11,8.30,7.93,6.82,1.91,5.52,0.93,0.91,3.96,3.78,8.72,5.45,7.70,1.73,1.80,0.47,7.45,3.67,0.32,3.80,1.53,3.70,0.14,4.66,8.22,6.46,3.38,5.71,5.52,3.25,0.81,4.50,0.35,1.85,7.91,0.42,4.27,3.54,5.60,3.59,5.90,0.28,0.73,4.51,6.69,2.67,4.87,0.59,7.00,6.14,8.79,0.54,2.43,1.30,7.64,1.44,4.18,0.83,5.27,7.39,6.70,7.62,2.95,1.77,4.13,2.26,5.18,7.34
7.54,8.24,1.98,6.63,1.35,5.21,1.87,2.89,7.45,8.59,1.05,7.70,4.76,5.07,1.36,5.24,0.87,5.20,0.64,5.83,8.31,0.73,5.29,1.38,6.51,6.98,5.82,2.89,3.73,5.02,7.41,1.81,2.95,4.00,2.78,0.07,5.69,4.67,7.82,8.98,4.89,8.94,2.25,2.25,2.48,2.48,5.09,0.66,0.99,4.78,3.88,6.71,4.33,1.67,4.53,1.99,6.95,6.76,6.61,3.70,1.65,0.74,7.52,1.21,7.83,4.61,8.04,1.28,6.27,4.97,7.48,7.45,7.72,6.41,5.13,8.38,6.57,2.30,5.91,1.81,2.98,5.45,5.78,6.46,0.85,2.84,7.32,8.82,2.01,8.92,4.28,2.62,6.28,1.39,1.87,0.87,5.79,4.81,6.37,1.86
0.55,4.79,7.93,4.87,2.34,0.22,6.10,1.82,7.27,1.22,0.37,0.15,8.70,6.22,3.97,1.40,0.48,3.77,6.04,6.39,2.89,1.92,3.31,4.39,8.27,4.28,6.11,7.48,2.43,3.92,7.92,4.50,5.17,7.26,7.61,4.32,2.34,7.26,1.39,0.33,7.06,6.39,5.11,1.96,1.68,4.47,7.01,1.52,6.21,2.96,6.08,0.78,8.78,5.02,7.81,4.50,4.54,2.44,3.27,4.03,4.38,6.29,1.10,2.80,0.87,6.20,3.87,8.34,5.63,6.70,0.25,3.09,0.12,0.76,5.74,7.37,3.43,1.79,0.48,8.79,5.10,3.47,1.60,4.95,8.79,5.45,7.18,0.71,4.02,6.53,5.35,6.89,3.15,3.33,5.12,6.11,7.93,7.66,4.73,0.54
8.56,7.95,1.08,3.53,6.48,8.75,5.62,2.68,5.84,2.36,7.39,7.87,3.06,5.82,1.59,4.76,8.88,3.28,4.94,2.72,5.83,3.26,4.52,2.43,6.47,5.49,8.68,2.39,1.23,7.38,7.19,4.68,5.35,1.48,7.88,6.73,0.76,0.57,1.23,3.59,1.59,1.20,3.21,2.05,0.82,4.16,5.87,8.03,8.39,1.06,2.21,1.25,6.90,7.18,4.38,4.37,5.11,2.66,0.20,2.07,5.85,6.50,5.47,2.25,7.37,3.90,4.58,3.20,8.32,3.42,1.90,2.00,2.46,4.68,5.50,8.87,3.81,7.31,0.79,8.32,1.05,0.71,8.19,0.64,2.22,6.64,5.15,7.66,5.30,8.08,4.14,2.44,7.13,0.15,7.15,4.42,7.32,4.16,0.66,3.95
2.88,3.72,3.70,8.85,5.12,4.43,8.47,6.31,5.00,6.97,8.98,6.22,5.65,2.80,0.75,2.90,8.73,5.57,2.09,4.38,4.32,4.92,1.52,5.41,4.89,2.10,3.53,7.27,8.58,3.29,4.46,5.70,6.52,3.52,6.99,1.42,2.15,2.89,0.24,6.99,1.72,0.50,3.95,3.46,8.78,1.89,5.28,7.12,5.38,1.06,5.46,5.00,3.25,7.02,3.71,5.32,3.44,0.11,8.23,4.04,6.13,6.62,1.40,1.68,7.16,8.38,3.83,0.08,0.88,1.93,5.65,4.58,2.87,1.32,7.73,2.81,6.45,0.07,4.64,6.29,6.46,2.98,7.44,6.91,4.52,0.91,5.42,2.98,8.44,5.82,7.72,8.93,0.68,3.44,5.86,3.34,3.79,2.03,6.97,0.15
4.53,3.32,8.94,6.06,3.85,1.65,1.89,7.69,2.62,6.50,4.28,1.36,0.32,8.05,1.41,3.93,6.41,8.73,2.73,4.40,4.38,6.60,3.37,1.50,8.01,2.75,7.17,5.48,0.25,5.39,2.68,8.32,1.60,7.54,5.83,2.76,8.00,0.92,5.33,8.33,1.00,3.35,0.44,0.55,7.03,8.12,7.13,5.28,6.88,1.76,6.86,2.15,5.91,6.33,1.46,8.15,2.00,7.03,7.07,8.71,8.25,7.34,7.49,8.39,0.69,5.15,6.31,3.15,3.89,7.45,7.55,0.59,3.34,3.78,1.49,0.21,0.96,6.97,8.19,4.98,2.20,4.18,3.37,5.71,1.57,0.07,3.45,2.15,8.05,8.57,2.15,1.99,7.03,5.83,8.81,4.75,5.03,2.13,6.43,0.68
0.93,8.98,1.57,0.63,6.52,8.71,3.04,4.10,4.04,4.21,3.64,8.43,6.03,1.51,6.65,4.99,4.63,3.79,7.98,5.53,3.85,0.27,7.99,3.36,0.81,3.12,7.07,7.60,7.04,4.79,4.33,5.31,6.45,0.89,0.15,1.52,6.68,6.48,0.37,2.78,0.53,3.05,8.73,1.35,5.41,7.74,7.83,2.41,6.38,1.91,2.49,5.62,6.76,4.42,5.00,8.30,1.71,6.48,7.60,2.56,5.75,2.05,8.81,7.79,0.79,1.84,7.20,1.58,8.05,7.78,4.11,0.66,2.89,1.43,1.00,2.95,5.53,6.68,1.48,1.01,6.63,2.65,6.97,6.24,8.88,2.77,6.05,2.05,5.06,0.80,0.64,0.24,3.90,2.75,3.13,8.65,3.72,6.87,2.59,5.96
8.94,2.55,7.23,6.68,0.16,6.14,5.51,2.26,4.04,0.29,5.15,7.71,0.30,5.82,6.93,6.26,6.37,0.76,1.57,0.49,6.53,8.08,4.10,6.25,6.22,6.48,6.49,8.51,0.52,0.99,3.43,6.53,0.58,4.01,4.46,7.97,8.60,0.29,3.72,1.14,1.28,2.93,7.21,1.19,5.60,6.23,5.35,6.73,3.22,6.93,3.26,4.36,5.07,2.18,0.99,5.08,3.74,3.10,7.69,5.39,6.45,4.82,8.16,7.42,3.06,6.50,4.82,3.58,6.26,6.76,2.57,4.67,5.46,2.26,4.88,0.94,8.68,4.50,0.40,4.96,8.02,4.37,2.33,7.50,4.34,2.74,6.91,5.08,5.14,2.37,7.65,4.34,5.04,7.77,7.50,8.46,0.35,6.79,5.43,7.39
3.49,2.93,7.27,7.25,7.01,1.88,2.98,6.75,7.56,8.01,5.70,7.17,5.93,6.18,8.39,6.82,8.78,8.74,4.58,5.65,1.93,1.78,1.85,1.39,7.88,5.69,3.56,1.59,0.24,3.14,7.71,2.60,6.41,3.49,1.25,0.69,8.93,6.88,2.45,0.96,5.08,7.79,2.09,8.48,6.20,4.67,1.62,3.41,6.77,4.55,7.83,7.51,4.91,6.33,2.63,4.77,5.42,0.88,2.60,1.20,8.94,6.05,4.04,2.89,0.91,8.19,2.21,8.10,3.09,4.47,5.24,2.24,6.22,7.78,4.73,8.25,5.38,8.02,1.25,2.62,3.43,2.23,2.81,3.88,8.73,1.46,4.09,4.01,4.93,6.14,6.58,7.86,0.74,1.72,2.86,8.34,0.71,5.28,3.15,8.04
7.48,3.35,3.28,3.27,1.38,1.88,3.86,3.76,0.17,5.22,5.54,3.09,1.48,8.68,0.41,0.17,7.02,2.82,6.31,1.75,3.43,1.99,4.19,8.50,8.09,1.08,0.60,6.78,7.31,7.11,1.22,4.78,7.86,2.22,8.13,3.89,7.06,2.13,8.41,8.13,1.75,1.22,3.25,4.11,6.84,6.32,6.17,3.96,0.86,2.27,1.98,6.82,1.35,5.36,3.00,5.06,8.68,7.48,7.98,4.82,2.85,4.44,4.27,7.65,1.53,8.89,3.63,1.31,5.80,4.26,1.07,1.68,6.23,6.53,4.62,3.23,3.62,0.36,4.71,1.21,8.54,6.84,4.64,7.39,7.19,2.09,4.06,6.44,6.77,1.19,4.37,1.33,7.56,3.37,4.59,7.98,3.13,4.40,1.11,0.24
2.75,4.51,3.97,4.00,1.34,7.93,4.07,4.19,3.72,0.01,8.39,2.89,1.18,0.61,7.44,0.93,0.42,2.71,4.32,6.93,0.47,1.67,3.77,6.53,0.60,3.35,6.00,4.54,1.09,8.61,5.24,2.95,7.37,8.39,7.22,8.17,6.26,4.69,7.80,1.70,4.26,6.51,4.59,5.94,3.12,5.95,1.76,0.09,6.52,4.34,5.40,4.11,7.83,4.95,4.47,8.23,7.94,4.65,8.83,1.67,5.81,1.77,2.36,8.25,6.44,4.34,1.40,3.57,0.39,1.62,2.34,3.46,1.50,0.65,0.16,1.53,0.08,2.51,5.33,4.71,2.09,2.28,5.72,7.44,0.00,1.53,5.98,1.75,0.91,1.96,4.87,4.77,4.17,3.18,2.74,8.38,6.18,7.47,7.62,7.53
6.83,7.70,4.29,7.26,1.19,7.77,7.65,7.19,8.09,2.36,8.81,8.96,1.53,3.18,6.65,8.35,4.50,8.29,7.48,2.53,1.73,8.06,7.23,6.65,3.52,3.34,4.22,2.59,5.03,4.49,3.95,3.72,0.12,5.12,0.74,1.52,7.54,4.74,0.07,7.36,8.95,8.29,7.55,0.30,4.96,0.15,2.43,5.10,4.14,4.48,2.67,7.67,3.21,1.06,8.59,0.08,1.83,6.21,3.94,1.81,7.74,8.21,1.48,1.26,1.71,4.82,2.29,4.55,3.65,0.68,4.70,2.19,3.77,6.58,1.52,3.41,5.00,5.46,1.51,5.00,6.82,2.36,0.93,8.53,1.98,2.87,3.64,6.91,5.70,0.37,1.44,7.77,2.78,0.27,3.29,2.01,0.27,4.87,8.78,2.47
8.01,0.76,2.00,4.83,0.46,0.06,0.41,5.20,0.55,0.46,3.70,6.02,4.35,8.24,2.38,8.81,5.05,8.72,4.45,2.61,8.23,3.40,0.61,8.55,5.65,5.91,1.33,3.11,5.36,6.45,7.91,8.31,1.55,5.86,7.37,6.46,8.66,4.94,8.00,5.07,4.41,7.40,0.34,2.43,8.40,0.38,7.74,4.20,6.95,7.32,1.47,3.60,3.90,0.29,6.39,1.22,6.71,6.15,7.09,4.14,8.14,8.92,7.01,7.70,1.01,2.09,4.10,6.02,4.41,3.26,2.87,4.62,0.86,2.74,0.44,8.72,1.50,4.64,2.79,5.17,0.43,6.20,2.50,0.28,8.47,4.10,1.90,7.99,5.20,0.88,5.85,2.87,7.24,2.14,7.79,8.30,0.77,1.33,3.45,7.78
3.99,3.75,8.79,0.88,5.34,5.60,5.21,8.59,7.77,7.54,2.11,3.08,7.01,5.39,7.72,7.09,1.54,0.36,4.71,7.80,5.83,3.90,0.28,6.74,8.02,6.63,1.24,5.89,8.26,3.61,8.07,5.71,7.75,5.54,8.60,4.35,6.33,0.34,2.26,6.20,8.17,7.38,0.37,6.39,1.32,7.00,2.90,7.67,7.56,8.77,8.12,4.80,0.89,1.36,2.28,7.56,2.88,1.46,0.15,6.66,4.68,1.11,3.98,5.01,5.30,3.89,3.73,7.75,8.05,7.83,5.82,5.61,8.77,4.47,6.12,1.21,6.88,0.88,8.74,8.65,0.26,6.83,7.97,4.29,8.86,4.51,5.83,0.22,0.87,6.61,1.39,2.79,8.94,6.09,6.21,2.03,3.91,2.41,2.14,5.59
1.95,7.73,1.93,1.94,3.86,0.54,3.94,0.98,2.93,3.45,6.99,6.05,6.75,6.29,4.46,4.76,8.83,2.82,4.37,5.12,0.43,4.10,8.74,5.57,3.95,4.65,5.20,8.38,2.44,5.82,0.23,2.08,2.29,1.13,8.21,1.67,8.50,2.70,2.81,6.43,4.62,4.86,5.45,6.25,5.24,0.33,2.29,8.55,3.32,7.11,3.06,0.29,7.98,8.91,6.04,1.72,3.96,1.93,3.38,8.03,0.15,1.31,3.49,8.24,7.68,8.53,2.14,0.35,5.43,2.58,2.30,8.30,2.33,5.48,2.65,7.56,6.70,0.12,8.76,4.40,3.80,1.92,2.49,1.20,2.37,7.99,2.56,0.35,5.92,0.52,1.37,5.88,6.54,6.69,5.54,2.41,8.95,4.27,6.69,8.13
5.65,5.13,4.73,3.53,8.48,0.01,5.46,6.85,8.25,5.66,2.75,1.62,5.28,2.64,6.62,2.13,5.77,8.37,7.64,3.20,8.79,8.32,6.31,7.76,8.86,3.48,3.78,8.94,5.98,5.37,8.06,7.29,0.42,1.88,0.41,6.53,6.22,5.90,4.12,1.10,6.53,3.86,3.34,2.19,7.53,1.28,1.75,8.27,1.60,4.62,5.95,8.74,3.15,6.90,2.84,6.30,3.78,2.22,3.16,4.18,6.47,2.16,1.34,0.79,8.60,5.79,8.07,2.58,7.86,4.71,3.62,7.17,4.65,4.77,3.44,5.06,6.14,8.36,7.62,0.46,6.13,3.77,4.14,5.99,7.42,2.39,8.01,8.52,2.90,1.39,5.60,6.13,8.89,8.84,1.81,4.78,4.51,2.87,7.94,8.38
4.00,5.71,2.65,7.53,7.28,1.79,4.34,3.17,0.28,1.67,3.05,0.93,8.41,2.42,4.28,8.52,8.33,5.64,4.64,3.20,6.12,1.31,2.89,0.70,0.55,4.71,5.33,4.53,7.83,7.97,3.63,0.42,6.32,3.23,8.44,5.51,1.22,3.36,7.47,6.14,1.18,1.63,0.85,0.22,4.82,4.49,0.94,8.23,2.79,2.47,4.61,3.41,1.80,0.40,4.92,5.43,3.37,4.48,8.44,8.05,2.80,7.66,1.14,4.91,0.43,0.88,1.57,0.88,1.73,7.10,0.12,0.05,5.83,3.71,6.68,1.27,1.91,8.54,3.10,3.65,4.76,1.59,1.95,4.49,5.37,0.99,2.36,6.23,7.16,7.87,2.43,8.47,7.28,0.64,4.82,6.86,8.52,6.41,6.28,0.97
4.21,2.84,5.29,0.45,6.09,1.15,2.49,5.07,7.64,8.58,4.46,0.94,3.15,2.48,1.20,6.09,5.36,3.76,6.03,7.51,3.12,8.45,4.38,1.75,3.07,5.97,7.89,2.22,7.16,8.73,6.05,1.89,5.99,0.51,3.56,8.34,3.73,1.62,1.97,4.39,5.98,6.29,5.79,2.87,1.75,1.48,4.74,6.67,8.77,4.97,8.65,5.01,6.97,0.22,9.00,3.58,7.51,1.56,3.59,2.51,8.12,2.87,5.65,2.84,0.61,5.07,5.19,3.52,4.49,0.04,0.80,6.73,2.89,2.27,8.43,2.51,4.97,1.80,6.30,3.12,1.25,7.01,3.18,6.42,5.24,3.46,4.48,0.75,5.15,4.02,5.09,0.80,1.97,4.40,7.51,2.87,0.07,5.56,7.69,1.21
8.22,1.84,3.84,3.68,4.66,1.10,0.75,1.10,8.80,6.07,7.54,4.53,7.14,6.81,3.94,8.69,1.25,8.57,3.84,5.89,7.27,4.74,7.57,6.15,3.30,1.58,1.33,1.49,3.49,1.30,3.37,6.34,3.48,1.43,2.94,6.21,0.29,2.62,7.50,2.62,3.01,7.52,3.16,5.85,6.18,6.96,1.36,1.61,1.88,8.50,7.09,8.20,2.12,8.07,7.66,0.28,5.92,7.85,1.79,2.27,1.26,8.57,0.28,8.49,7.11,2.26,5.75,4.11,2.23,3.16,2.04,7.46,5.87,1.52,3.38,3.89,2.61,5.17,5.32,4.67,8.97,2.54,4.10,3.57,5.28,2.37,7.30,7.12,3.87,1.97,2.36,8.87,7.95,0.97,8.91,1.93,3.66,2.20,2.28,3.61
0.65,6.59,0.10,8.90,3.01,1.63,1.19,7.14,6.85,0.66,6.79,0.38,6.49,5.54,6.04,5.43,4.83,0.20,5.81,1.39,0.29,1.43,7.09,8.05,0.78,7.68,1.33,2.09,7.22,7.43,0.18,3.08,2.04,3.98,5.95,4.86,4.35,0.25,0.28,1.02,1.63,8.27,8.17,4.72,1.35,5.55,7.47,7.19,7.06,5.60,1.04,2.14,2.39,6.11,2.25,4.47,3.53,2.87,6.04,5.96,0.42,7.97,6.38,0.38,4.32,6.37,2.09,1.59,0.76,6.25,6.27,5.18,1.06,1.61,0.61,8.36,2.83,4.71,3.69,0.05,7.76,7.67,7.12,4.80,0.20,4.49,7.65,1.51,7.66,0.84,3.60,4.59,2.34,3.56,4.57,8.78,4.09,2.50,8.38,4.52
5.29,0.86,4.93,3.86,6.25,6.66,0.34,8.16,8.49,6.11,8.31,5.39,3.50,0.31,7.58,2.00,0.74,3.61,0.57,3.44,4.89,5.06,5.72,7.99,8.79,8.21,0.15,3.54,3.88,6.73,4.90,0.55,8.53,2.34,7.28,5.96,1.77,5.93,1.90,7.31,7.51,0.65,4.02,4.09,3.33,5.99,3.77,5.39,7.54,6.98,1.72,3.11,5.21,4.57,6.47,3.21,1.28,0.95,1.42,1.29,7.08,5.60,0.52,6.46,6.92,1.86,4.84,1.38,0.86,3.68,6.97,8.36,4.75,0.44,1.25,7.02,2.48,1.19,1.67,4.79,2.43,5.42,5.65,3.77,6.15,7.31,6.24,8.42,6.05,2.24,1.78,6.45,0.86,5.11,6.63,1.75,4.99,2.98,6.67,3.95
2.90,2.75,6.22,1.30,1.85,7.61,7.63,4.80,3.95,8.08,1.68,6.71,0.83,5.92,6.98,1.32,0.14,7.57,1.11,5.21,3.39,8.38,8.29,7.60,2.46,6.18,2.60,4.65,0.88,8.17,1.62,5.86,4.81,3.91,0.25,8.46,8.17,5.40,8.76,8.21,1.42,4.04,8.54,1.28,5.00,6.35,8.54,2.37,3.57,4.48,8.34,5.48,1.85,5.78,2.55,1.76,7.47,8.47,3.51,2.18,1.39,8.47,7.24,5.53,0.90,7.78,6.80,2.98,7.20,6.54,6.98,0.18,6.88,0.60,0.72,6.18,1.67,1.17,1.09,7.47,4.28,7.57,8.61,2.93,8.35,3.65,5.62,4.68,2.83,1.52,0.41,3.84,0.01,8.61,2.58,3.32,7.94,1.05,8.37,8.92
8.23,4.00,5.52,5.27,0.24,7.88,8.23,8.72,7.97,7.56,7.80,2.74,1.57,5.57,8.45,9.00,2.20,6.03,6.27,4.93,5.26,1.57,6.28,8.75,8.16,1.91,1.25,6.81,7.47,6.99,1.23,7.61,7.56,6.48,7.54,0.96,8.10,2.90,8.85,2.06,4.44,3.31,4.94,8.22,0.78,1.01,8.49,7.03,0.44,3.67,1.83,1.91,3.36,4.68,8.44,7.14,7.18,8.68,1.79,2.16,1.02,7.77,8.59,1.75,6.80,5.68,8.74,8.09,0.36,0.79,5.06,0.89,2.33,4.92,2.43,5.01,3.07,8.14,0.72,0.68,6.60,0.05,2.12,2.92,6.72,1.91,6.06,7.05,1.01,5.29,5.70,7.82,2.03,1.99,2.86,3.41,3.26,2.08,8.12,6.49
5.91,5.36,3.65,3.17,0.79,0.76,1.09,3.19,2.05,4.24,1.45,3.57,5.29,6.61,6.07,5.34,1.75,6.19,2.71,6.32,8.64,2.79,2.19,6.04,5.29,6.48,8.38,8.12,0.86,7.23,4.07,1.29,2.36,4.31,4.55,4.19,6.55,8.23,2.89,5.54,2.05,2.46,0.07,8.52,1.97,5.76,4.33,8.60,5.05,0.29,1.23,1.27,4.08,3.56,6.15,2.39,1.04,5.88,2.00,8.49,6.05,6.71,6.63,5.18,8.19,6.16,4.14,1.56,0.04,6.43,6.58,6.51,8.18,0.48,8.29,2.18,1.49,2.01,5.61,5.70,0.06,8.03,7.91,1.71,7.30,1.88,1.35,5.27,7.77,5.82,3.79,1.30,2.84,0.82,5.57,3.61,5.90,5.47,8.77,4.72
8.30,8.50,8.49,7.16,4.42,2.38,5.89,2.54,3.62,8.11,0.33,3.77,4.71,8.82,6.81,2.79,3.50,5.61,8.87,0.93,1.08,4.04,3.27,5.10,2.57,8.87,8.65,0.08,1.54,1.34,5.31,6.79,5.27,5.24,3.50,4.45,4.55,6.52,4.57,6.06,0.52,1.12,2.04,0.55,7.58,6.41,4.46,1.96,6.36,6.14,2.56,5.92,4.17,6.33,6.08,0.23,0.90,4.45,1.79,7.36,1.55,8.31,7.66,8.79,2.89,6.92,5.26,3.47,4.91,8.95,0.24,5.53,2.74,2.33,8.81,8.23,1.99,2.01,8.68,8.39,3.15,7.37,8.44,4.57,1.94,6.38,5.36,0.15,0.37,6.53,6.06,5.33,2.54,1.90,6.77,7.96,3.06,6.58,2.29,7.13
1.71,6.58,6.81,8.54,6.70,6.62,7.80,0.02,3.66,2.93,0.40,4.55,0.21,6.45,2.78,3.17,8.66,1.89,3.87,7.24,0.39,7.08,5.73,7.78,1.31,3.94,8.27,3.71,2.89,4.86,7.38,3.94,5.92,4.15,7.94,6.79,3.84,5.38,4.71,0.96,3.71,4.48,2.84,1.61,0.19,7.68,0.54,4.18,8.91,0.43,7.09,7.89,0.79,2.17,6.37,4.38,1.24,4.54,6.86,4.53,8.19,3.94,7.09,5.85,1.90,1.62,3.25,4.24,7.60,5.70,7.21,2.46,8.49,8.87,4.91,1.70,0.20,8.99,1.07,2.62,6.63,5.79,1.41,2.45,6.33,2.66,8.40,0.40,6.42,1.63,0.84,1.72,1.35,7.07,2.06,3.29,7.88,4.06,3.91,5.20
0.78,4.71,3.62,6.86,5.28,4.43,1.65,4.85,0.41,4.67,1.57,2.35,2.92,8.94,2.91,7.35,0.37,0.79,6.96,5.00,0.24,0.43,0.99,1.78,3.38,2.27,2.49,1.59,6.22,8.97,2.08,4.65,4.86,4.70,7.16,7.88,3.22,6.62,1.92,1.93,5.09,5.46,6.56,5.19,0.35,4.33,1.36,3.97,6.80,5.68,7.79,5.37,2.19,1.62,1.99,2.87,6.76,3.30,6.55,3.84,8.77,0.53,2.31,5.49,5.65,3.29,5.35,0.23,2.62,2.60,7.73,2.65,8.74,1.46,0.87,8.39,2.43,8.22,0.60,6.94,6.29,3.58,1.54,7.83,7.17,8.73,2.52,1.37,8.36,8.33,2.17,8.79,5.14,0.32,1.21,5.08,2.52,1.90,1.05,8.93
3.38,1.72,3.85,3.14,7.89,2.18,3.85,6.55,7.83,8.73,7.09,6.71,5.47,1.29,6.23,5.04,6.90,1.53,7.33,4.21,8.15,1.54,7.52,2.67,8.96,7.49,4.79,7.57,8.76,7.38,3.24,3.97,3.35,5.59,4.87,3.54,2.56,1.40,2.74,6.10,1.30,2.30,0.30,8.41,4.43,0.83,6.69,4.28,6.97,3.24,6.59,7.67,3.06,1.33,6.55,5.36,7.43,6.78,8.48,8.20,3.81,3.78,6.32,6.26,7.50,5.46,5.13,2.05,7.16,6.22,0.99,3.04,7.79,0.40,0.88,8.16,5.33,7.27,3.20,5.00,8.56,0.78,7.29,0.74,0.03,5.73,0.51,1.93,6.39,4.36,0.28,6.79,7.26,8.06,6.55,8.11,0.57,0.50,2.95,4.29
4.95,1.03,2.78,2.01,2.58,0.59,3.89,1.03,1.67,4.86,1.15,6.95,1.87,5.38,8.50,2.66,6.34,7.55,4.55,1.07,4.95,3.48,5.84,2.58,6.96,8.30,7.76,8.46,1.16,7.85,6.08,5.66,6.04,5.30,0.98,6.37,1.20,6.82,4.16,8.52,1.58,2.00,4.13,7.02,1.86,4.00,7.40,3.40,7.84,6.09,7.87,5.77,1.20,6.35,6.32,4.94,3.66,6.88,7.80,0.66,4.54,6.97,4.23,3.78,3.78,5.27,8.44,1.36,0.20,5.87,2.18,3.90,5.01,4.96,2.49,8.06,3.02,6.27,8.14,1.67,3.25,6.21,7.75,1.59,3.05,3.62,0.85,5.03,5.78,0.57,7.65,1.61,7.02,5.02,7.87,3.98,7.56,7.72,7.06,6.24
8.74,3.20,7.52,8.93,1.49,2.23,8.36,6.83,4.03,6.23,4.03,5.58,8.57,8.00,2.17,7.73,2.09,4.77,5.39,2.74,2.95,5.45,5.57,8.14,7.24,4.12,5.67,3.98,6.50,5.50,8.61,6.12,5.57,1.72,1.98,5.99,0.20,5.60,5.84,8.95,5.10,3.44,2.13,1.59,6.05,0.73,5.75,6.26,7.41,4.44,1.49,0.96,7.37,4.91,0.49,5.44,2.97,3.64,0.01,0.14,0.36,3.87,5.75,2.78,5.52,7.81,2.74,7.54,6.83,6.25,2.55,2.50,5.56,8.99,4.88,1.26,0.90,1.11,1.04,2.27,7.51,1.10,3.69,7.96,4.16,8.35,1.77,3.83,1.85,0.49,1.73,8.82,0.17,0.13,0.94,4.84,3.89,5.68,3.34,4.54
3.12,2.52,6.76,7.54,4.07,2.33,1.03,8.02,4.19,3.18,8.52,3.00,3.41,7.32,3.25,8.77,1.39,2.68,2.78,2.29,0.88,3.32,5.78,0.72,1.14,0.38,1.37,6.04,2.73,6.95,6.65,5.43,7.39,7.62,2.33,8.54,1.77,0.91,3.16,0.17,3.73,4.96,0.68,0.16,6.37,3.31,3.75,7.48,8.63,0.66,4.52,7.25,3.99,7.18,7.44,7.92,3.49,8.16,6.18,8.02,8.02,1.00,7.27,6.48,1.12,5.31,8.13,8.06,4.51,3.49,2.84,8.47,3.45,4.57,4.48,5.94,6.83,2.40,7.94,6.99,1.65,5.99,1.05,7.20,5.30,5.16,1.86,0.21,5.96,4.24,3.96,4.19,7.19,0.89,0.96,4.67,6.67,1.99,1.71,8.88
4.98,4.82,6.63,5.59,5.90,2.23,0.16,1.85,0.53,2.73,7.43,4.12,0.85,8.43,6.72,0.86,6.10,8.47,1.57,3.75,8.18,1.53,1.68,5.80,7.57,0.77,5.62,7.81,0.93,1.07,5.60,4.48,0.51,2.62,8.06,3.58,3.65,5.01,3.89,4.09,1.71,2.79,3.68,2.03,2.78,7.11,5.90,5.95,3.45,7.61,6.49,4.19,0.65,7.10,6.10,0.86,6.42,4.82,5.65,7.83,5.22,0.01,8.51,3.28,0.42,4.49,3.45,1.25,4.17,6.20,8.00,8.71,1.47,0.75,4.05,1.12,4.65,3.20,8.26,7.11,1.62,0.36,7.27,8.79,7.24,7.76,4.45,2.35,5.94,8.10,3.69,1.55,0.54,5.32,4.68,8.73,1.45,8.87,8.59,1.06
5.79,6.21,1.97,7.52,4.07,1.57,5.73,2.76,4.26,8.39,3.79,3.94,0.79,6.87,2.48,5.38,8.64,5.48,8.84,6.16,2.32,7.06,5.00,6.53,3.65,7.84,6.14,1.95,7.46,0.69,5.37,0.12,6.17,8.02,1.17,5.04,8.37,1.89,7.41,7.44,1.29,6.02,1.11,1.71,7.78,5.64,8.19,0.11,8.16,5.26,7.42,3.77,7.96,1.30,4.21,5.93,3.12,4.35,4.88,8.44,2.73,2.38,2.04,2.25,3.04,6.68,5.85,3.57,0.58,3.90,8.04,4.71,5.09,1.10,3.01,6.33,8.89,6.85,2.26,0.75,4.11,4.14,3.21,3.04,5.89,0.14,0.38,6.04,8.29,3.60,2.92,5.73,2.07,3.29,6.92,4.28,3.06,7.58,4.32,0.91
5.95,4.99,8.92,1.95,7.94,5.22,5.20,8.73,5.02,8.87,8.68,2.15,3.40,0.80,3.99,6.49,1.32,3.11,8.23,3.74,6.80,8.10,6.05,4.75,6.24,2.81,7.58,5.16,4.46,1.16,4.19,5.69,3.80,2.34,3.50,2.57,5.56,0.58,7.96,2.20,6.31,3.46,6.68,2.87,2.52,8.51,4.45,5.75,1.74,2.47,0.37,2.14,2.77,8.23,0.39,5.92,2.25,8.35,3.54,3.32,4.18,5.41,4.38,1.71,8.32,6.11,8.42,4.19,1.23,5.40,4.60,5.36,6.69,3.77,6.45,2.12,4.20,4.03,8.25,3.78,0.95,2.59,1.89,0.58,5.18,2.00,0.83,1.89,7.40,0.99,4.21,7.95,0.20,4.49,1.35,2.50,8.53,5.89,2.96,2.00
3.04,5.65,8.55,3.30,2.95,5.69,7.68,4.87,2.54,1.51,7.61,2.51,3.25,1.59,3.72,8.26,7.61,5.54,0.15,5.29,7.31,2.25,7.79,5.30,6.38,1.22,6.66,5.55,8.61,7.98,5.00,4.21,7.74,5.91,7.57,1.29,1.70,1.94,0.90,1.32,8.51,0.22,5.09,8.09,4.31,6.60,6.02,8.72,5.75,6.70,8.55,5.46,8.42,0.60,3.80,5.10,7.38,7.66,7.32,8.73,0.27,4.66,1.42,5.56,5.73,0.85,4.42,4.32,7.24,6.63,4.47,6.84,3.12,5.97,7.34,8.84,6.51,1.49,7.14,1.11,3.05,5.47,3.88,4.30,3.68,0.49,6.98,4.54,5.15,0.96,8.22,4.15,7.45,5.76,5.96,8.12,4.26,6.82,8.29,1.33
0.39,8.00,8.81,0.16,2.75,8.33,7.53,0.16,3.10,3.99,5.66,3.87,3.75,5.22,3.62,3.37,3.55,1.69,1.49,0.11,6.20,5.39,7.74,8.85,5.54,8.28,0.39,5.39,0.19,0.68,8.99,7.15,0.55,7.79,7.84,5.86,8.45,5.93,2.96,5.53,6.73,8.55,7.71,1.14,0.41,6.96,0.87,4.67,4.00,4.10,0.10,4.11,5.71,0.01,4.04,6.59,7.36,4.76,8.99,3.18,3.49,1.31,0.05,0.29,4.53,1.99,6.74,6.08,5.90,5.08,8.60,6.30,4.77,1.74,4.51,4.90,7.00,4.10,6.39,5.62,0.01,2.39,6.21,7.18,2.03,4.61,1.33,2.20,0.36,3.38,7.18,3.74,5.67,6.41,5.69,5.50,7.78,6.19,0.38,2.83
0.21,0.67,1.41,0.57,7.80,5.84,3.63,5.43,0.94,7.34,6.56,6.09,8.89,1.68,0.51,7.53,7.08,5.10,7.69,8.26,3.76,2.57,0.59,2.49,2.58,7.25,8.32,2.45,5.26,1.99,5.26,0.56,3.45,3.41,7.59,0.81,2.80,0.71,1.96,0.21,8.81,0.35,7.03,6.04,4.23,5.27,9.00,3.29,4.84,0.56,1.44,5.06,2.85,7.74,7.82,3.45,3.80,6.05,4.44,1.38,4.88,3.34,7.32,0.26,1.55,6.95,7.87,6.82,5.45,1.15,0.82,7.30,1.28,6.40,0.73,5.18,7.74,2.34,7.66,4.50,3.55,5.58,5.69,5.40,2.62,2.55,8.57,0.56,2.36,3.57,7.87,2.00,2.03,6.92,0.87,6.35,3.05,7.59,2.24,2.58
0.48,1.41,7.89,1.78,6.20,2.49,4.47,2.15,7.21,1.50,8.54,0.60,5.45,4.56,5.29,2.17,5.00,1.37,1.10,3.44,6.18,1.83,5.25,3.48,2.40,8.96,1.30,5.70,3.17,8.34,1.51,6.75,0.25,2.10,8.01,1.28,7.23,7.51,2.35,0.70,7.88,1.89,6.90,3.81,6.12,1.65,0.26,5.94,1.70,4.68,0.63,8.06,8.17,7.56,5.85,1.23,5.88,0.60,8.42,1.12,3.86,0.70,5.50,4.04,0.05,1.15,0.78,3.48,3.90,8.12,0.80,5.04,8.99,8.93,0.52,5.12,3.37,3.42,7.22,5.66,5.06,7.02,6.04,3.91,3.37,7.43,5.65,5.08,6.96,2.44,3.24,5.66,0.32,1.76,7.85,0.36,4.11,5.40,2.97,7.34
5.38,4.12,7.06,8.95,2.02,8.71,1.33,4.16,8.18,5.32,1.31,5.40,4.39,3.54,8.99,8.06,7.08,5.81,5.82,3.46,1.12,8.18,5.93,7.42,2.51,2.55,4.94,8.15,3.12,8.67,3.03,3.00,3.23,8.55,0.97,7.40,6.54,1.14,2.40,1.48,8.54,7.76,1.08,2.30,0.68,3.71,3.19,1.65,3.82,4.26,8.13,8.26,2.74,6.02,6.84,2.02,1.93,6.16,0.55,5.46,0.06,8.09,7.30,2.11,7.10,6.01,5.96,7.37,3.01,7.21,1.78,5.46,6.07,1.00,3.95,3.30,8.43,0.21,3.12,6.98,7.06,3.60,6.97,6.26,5.34,3.66,2.71,3.48,8.18,0.66,1.27,8.77,5.00,5.01,4.63,3.13,2.10,3.68,3.65,1.75
2.52,5.21,7.55,6.35,3.85,8.99,7.39,3.67,8.90,7.20,8.52,3.61,7.73,2.37,4.54,6.63,3.28,8.24,1.89,7.24,2.90,8.12,0.11,5.99,6.96,4.75,2.74,7.73,2.12,7.74,0.63,7.97,3.55,2.61,3.66,5.87,2.31,4.54,0.11,3.62,8.92,8.74,7.23,7.42,2.18,7.88,4.17,8.16,2.27,6.51,6.40,0.73,6.96,5.03,2.49,4.46,3.34,4.07,6.85,7.70,3.30,3.40,8.54,8.59,5.59,0.58,8.15,6.22,8.16,7.49,3.35,8.76,2.09,8.55,1.92,7.65,7.10,6.61,5.40,6.87,0.14,7.30,4.01,8.02,0.56,7.94,0.08,4.50,7.58,0.72,2.40,7.25,0.46,4.68,1.99,7.77,3.79,7.32,5.75,1.92
2.60,8.86,3.30,3.33,5.06,8.58,1.07,1.17,0.96,4.54,4.44,1.96,5.37,0.24,5.17,5.97,5.08,6.36,3.55,0.97,3.44,2.77,7.37,5.45,6.91,7.23,0.35,0.79,2.43,5.83,7.59,7.30,1.50,7.84,0.28,7.27,5.85,1.54,2.24,2.42,5.71,2.20,7.50,2.72,4.41,3.74,1.13,5.14,8.10,5.37,3.44,6.70,3.07,4.21,7.92,2.23,6.60,7.33,1.74,0.63,4.84,5.31,3.91,7.02,1.83,0.44,3.16,7.79,6.48,0.04,4.27,2.44,6.37,0.30,1.61,8.06,7.36,1.74,1.75,7.71,3.70,6.66,6.22,1.10,8.53,2.34,1.30,6.75,6.66,2.84,6.02,3.46,4.56,8.97,1.59,3.56,5.67,4.17,7.16,5.97
0.69,2.76,0.04,5.29,6.71,4.33,1.14,5.76,2.64,2.89,1.93,4.74,4.46,4.74,1.37,6.19,1.52,6.30,1.67,2.63,6.24,7.44,8.09,0.72,3.87,6.12,7.06,7.44,0.21,4.39,8.15,5.35,4.84,1.36,0.79,7.25,8.77,6.34,1.41,6.48,0.63,2.50,3.40,1.74,3.24,3.57,2.91,1.27,8.90,2.17,0.21,4.05,1.38,3.87,0.72,5.92,8.58,6.37,0.45,1.81,8.85,3.28,2.55,8.88,7.45,8.63,8.29,0.89,3.54,6.12,2.04,2.55,0.50,0.47,5.66,4.57,4.34,0.28,7.87,3.89,8.54,6.73,5.78,4.40,6.95,7.17,4.59,7.47,6.90,0.64,1.62,6.54,1.89,6.84,3.00,7.64,4.46,3.39,3.82,1.05
8.08,6.20,1.80,1.72,0.20,1.87,8.68,4.79,5.86,5.60,2.29,4.12,2.88,5.80,2.22,3.10,7.11,7.16,2.55,4.24,8.54,3.25,2.46,1.02,4.87,8.46,3.50,3.21,1.01,0.33,3.72,1.15,3.05,6.61,8.93,6.51,0.63,2.97,1.62,8.12,5.01,7.82,0.39,5.26,4.24,0.49,7.69,1.25,8.10,0.86,2.61,6.46,2.87,0.41,4.79,8.42,6.33,8.72,3.11,2.90,4.73,0.28,5.81,5.99,7.58,5.22,8.77,7.66,4.08,8.89,3.55,5.58,4.17,1.04,5.46,0.10,0.26,7.79,7.42,1.83,7.65,3.22,3.19,6.34,0.69,8.52,0.39,3.33,3.96,7.97,8.97,8.82,7.76,6.64,4.77,3.65,5.90,8.20,0.76,7.38
4.14,7.36,2.75,2.10,8.95,7.01,5.56,5.01,8.13,1.40,6.56,8.11,1.58,8.84,7.33,0.62,7.62,6.13,5.09,5.57,6.31,7.38,4.32,0.73,6.42,7.17,2.79,5.32,1.27,7.73,8.80,4.41,6.87,1.12,7.30,4.97,7.30,6.38,2.94,1.83,4.23,8.76,7.03,8.34,5.17,5.89,4.61,2.48,4.04,2.34,5.67,3.98,3.36,0.50,7.53,4.16,5.14,1.41,6.37,7.63,3.43,3.07,0.43,1.38,8.85,5.31,1.49,6.56,2.98,1.55,4.93,4.48,5.77,3.30,4.98,1.47,6.62,7.44,6.30,0.38,5.96,6.91,4.82,3.30,5.84,6.50,1.61,4.65,6.64,0.69,0.46,7.19,1.39,6.59,3.57,5.10,5.14,2.48,1.27,6.99
6.84,5.71,4.01,0.25,5.04,4.62,4.94,6.28,3.14,0.95,8.79,1.77,7.59,7.13,3.60,5.48,0.54,3.25,7.93,3.43,2.20,2.03,8.32,0.65,7.88,8.83,7.46,2.50,7.28,8.32,1.94,4.83,6.67,7.36,4.44,6.87,7.53,3.67,2.74,4.25,5.58,3.22,5.59,1.24,1.70,7.12,3.01,7.93,7.16,7.17,6.95,4.21,6.15,1.62,7.82,4.80,1.21,5.86,2.56,2.23,2.98,3.91,3.55,7.39,8.07,8.24,7.48,2.59,2.62,2.56,3.33,7.24,5.96,0.06,7.45,1.68,4.14,2.87,5.19,7.20,5.58,7.41,8.06,5.71,6.70,8.92,8.97,0.38,2.70,4.81,8.10,6.44,3.27,7.15,6.49,0.01,8.78,0.96,4.30,0.65
5.10,1.74,2.51,6.63,5.93,7.79,4.90,6.29,1.45,3.40,3.10,6.11,1.53,7.06,6.38,7.00,3.61,1.95,2.10,3.38,2.39,4.54,7.17,0.81,5.36,4.75,2.63,3.34,0.86,3.67,6.65,5.75,3.72,0.72,3.74,7.52,4.27,8.21,3.22,6.36,1.79,6.93,8.65,0.74,5.91,1.66,2.38,1.84,1.86,4.83,1.09,6.76,5.37,1.07,3.46,3.17,1.40,4.42,8.31,0.42,5.95,5.06,0.78,0.62,7.83,0.55,6.29,3.63,6.67,7.43,0.14,8.27,6.88,2.03,2.54,7.06,7.51,0.32,6.06,5.39,7.33,0.10,3.87,1.81,8.05,5.62,8.80,0.87,8.38,6.76,3.77,8.57,0.69,1.53,5.48,5.96,6.64,2.68,8.51,4.85
8.63,2.44,2.21,3.40,1.68,1.55,8.07,1.76,7.11,8.16,3.85,2.20,8.97,7.42,5.32,5.22,8.44,5.30,2.97,0.21,3.83,6.99,8.95,3.81,5.84,8.49,3.57,2.95,0.71,0.10,8.62,4.74,0.64,4.36,1.81,8.90,2.14,5.66,6.30,1.28,5.82,5.04,7.25,4.00,1.36,4.79,0.20,7.45,7.07,7.84,2.90,0.90,0.93,3.70,1.20,5.05,0.89,7.01,4.79,8.11,2.79,1.07,3.45,2.12,5.72,5.22,7.88,1.27,5.33,3.95,1.32,2.86,2.03,4.93,8.35,6.38,7.32,6.46,2.38,2.69,4.77,7.39,7.84,3.68,5.81,1.03,8.53,7.55,7.85,3.08,6.53,6.43,6.65,4.73,8.27,3.09,6.96,8.07,7.60,0.56
8.96,2.53,1.26,6.97,1.45,6.90,7.03,8.57,6.18,0.58,5.54,0.86,8.48,7.75,8.59,1.71,3.44,8.89,1.68,6.05,7.36,2.97,5.19,5.01,0.92,2.89,6.61,1.76,4.07,1.77,2.93,2.12,2.94,4.22,0.67,6.49,4.87,3.97,1.93,6.47,1.84,6.31,1.26,5.57,3.89,0.73,6.50,8.59,6.31,3.76,1.62,6.11,8.58,0.81,7.84,2.14,3.93,4.62,7.61,5.41,1.66,2.39,2.78,5.55,0.54,0.30,3.49,2.07,3.94,5.00,1.06,6.39,4.76,2.53,3.51,8.66,1.67,8.79,7.86,7.20,4.83,4.35,6.62,1.90,0.89,3.25,2.43,3.99,2.57,0.99,7.72,6.44,5.98,4.77,8.22,0.24,1.48,7.61,4.04,5.07
2.67,5.85,0.73,2.64,7.62,5.33,7.82,4.81,5.15,3.45,5.08,0.96,0.05,3.11,6.09,0.49,4.80,2.18,1.33,6.76,8.01,4.82,5.02,4.14,7.27,5.55,0.42,8.55,1.73,8.02,5.58,5.81,3.73,8.57,7.97,3.14,0.68,3.19,4.90,8.02,8.36,5.57,3.50,0.35,7.92,3.35,2.61,3.61,4.74,6.09,8.20,0.01,6.66,1.43,6.75,7.83,2.25,2.01,7.34,5.67,4.32,4.24,2.81,6.92,2.11,1.26,2.72,4.25,6.75,2.21,7.42,8.01,3.87,8.52,7.86,1.01,7.22,7.99,1.26,4.08,0.28,3.66,8.18,6.19,2.07,8.15,1.98,6.25,6.93,0.07,2.76,4.58,0.42,5.68,6.24,2.15,5.52,3.50,5.41,5.80
2.27,3.93,2.54,0.44,5.57,8.29,8.25,3.30,4.72,5.53,4.76,7.80,3.56,4.38,0.76,2.46,2.45,7.96,7.34,2.98,5.78,5.22,0.49,6.42,4.35,6.28,0.72,7.01,2.59,8.38,6.35,4.96,5.36,3.47,4.01,3.99,3.94,7.81,2.46,3.05,3.25,2.94,1.43,0.66,8.41,3.38,1.55,4.46,2.36,4.67,0.88,8.05,1.41,5.02,2.33,0.41,1.54,0.20,3.05,4.53,2.87,6.46,0.14,0.64,3.77,8.10,2.76,1.47,0.83,3.00,5.68,5.15,3.44,3.85,8.26,2.86,3.70,0.30,4.52,8.44,2.75,6.86,0.48,8.92,6.05,6.33,7.64,7.42,7.29,3.67,5.83,6.10,3.81,2.28,8.59,6.32,8.54,6.69,2.21,0.78
7.62,4.36,4.18,2.95,4.46,2.21,5.39,5.11,8.84,3.20,4.00,4.13,1.84,5.80,0.12,7.92,6.99,7.26,6.99,5.15,1.00,0.90,3.96,1.44,2.15,5.66,0.30,3.47,2.66,4.28,1.91,4.31,7.53,4.49,5.15,8.14,7.82,5.86,1.96,5.43,4.49,7.54,8.51,8.70,6.18,0.98,8.10,2.01,5.71,6.72,7.86,0.94,3.69,7.38,6.54,2.55,6.93,4.82,4.66,0.39,6.14,3.18,0.81,1.84,5.63,8.56,2.88,5.47,2.93,6.35,5.25,1.92,3.04,7.96,0.24,3.00,5.75,1.84,5.49,4.82,5.66,1.95,2.58,2.84,3.48,4.10,6.71,3.40,5.10,5.59,6.56,4.43,4.80,4.03,8.27,6.77,4.51,4.79,2.44,2.16
6.34,4.42,1.23,3.26,4.30,7.06,1.88,6.75,1.68,2.09,1.19,3.00,4.73,5.79,5.05,1.38,0.79,1.70,8.65,7.70,7.02,5.03,5.03,7.93,7.70,4.31,3.25,7.25,1.60,5.07,5.66,0.85,1.84,2.77,5.57,4.94,8.31,8.85,4.48,2.71,7.33,2.01,8.57,6.42,3.50,7.80,4.14,8.86,8.50,1.93,1.20,6.56,3.94,8.36,6.75,0.16,8.67,7.98,1.66,0.07,2.47,5.65,2.91,1.29,1.64,5.92,2.00,4.97,4.14,2.67,0.15,5.11,6.25,0.49,1.21,5.03,0.89,8.19,2.02,0.87,4.35,1.31,7.53,8.90,1.00,7.35,7.24,4.16,2.54,6.64,2.16,6.78,1.53,0.14,1.10,4.36,5.96,4.23,4.34,2.69
6.15,2.24,2.91,1.84,7.09,5.14,2.32,0.02,6.99,6.85,7.00,6.91,5.07,8.81,1.51,7.36,4.09,3.46,5.35,4.15,3.22,3.11,2.83,1.59,6.16,1.82,4.49,7.54,7.78,8.16,8.09,8.09,5.50,8.73,4.93,2.13,8.00,2.53,2.36,3.14,0.91,5.42,3.90,2.85,0.04,8.18,7.08,8.52,4.61,6.72,4.57,4.48,0.85,5.41,6.23,1.39,3.23,1.19,0.79,5.46,2.51,6.86,1.79,2.05,7.43,0.67,5.61,8.35,4.67,1.34,5.57,2.22,5.36,0.93,4.29,4.24,1.38,1.05,5.94,6.46,4.74,3.05,1.20,0.57,1.99,4.21,0.33,4.16,3.36,7.76,2.39,7.58,1.54,8.07,4.26,8.98,2.06,0.98,6.56,2.83
8.25,6.67,1.35,7.82,8.10,7.30,8.58,8.14,0.70,2.28,8.76,0.63,5.18,6.86,0.26,7.34,2.01,0.56,3.06,5.62,1.48,8.34,4.06,6.64,4.10,0.81,1.50,7.27,0.36,2.70,8.72,7.38,0.58,0.39,7.12,6.69,6.42,2.83,1.54,5.49,1.47,8.99,6.27,3.18,5.71,0.08,8.36,0.78,5.08,8.83,5.10,5.00,3.20,7.94,6.47,2.20,2.29,5.36,0.00,3.57,4.17,6.23,1.61,5.76,8.01,8.08,7.31,8.59,2.30,6.14,8.39,1.80,7.12,5.75,1.90,7.50,6.57,0.18,5.98,6.48,2.89,0.69,3.77,3.21,3.03,3.21,1.37,4.92,4.02,4.78,2.35,7.37,4.78,3.96,6.09,8.08,4.42,2.70,4.37,5.92
5.95,8.65,3.58,7.96,4.05,8.01,3.10,4.14,3.55,3.20,0.62,3.98,2.19,8.13,2.10,3.53,5.75,2.14,6.59,1.83,0.58,1.45,4.85,0.53,6.41,2.65,0.15,0.47,5.90,0.16,6.39,0.25,1.18,8.69,8.70,4.55,1.37,5.69,2.24,6.19,8.40,1.90,6.98,4.31,4.88,0.16,5.32,2.11,3.82,3.68,2.59,2.45,4.13,6.32,1.17,1.15,1.50,2.44,3.78,7.02,3.26,5.13,6.43,0.57,7.85,2.93,2.72,3.85,2.44,7.80,0.91,6.97,4.36,2.77,7.85,5.15,0.55,4.20,0.62,4.67,1.42,2.57,6.67,2.22,2.98,0.17,0.36,2.26,3.30,1.78,0.27,6.82,0.21,7.67,0.76,8.11,2.90,8.29,3.65,7.96
3.00,7.28,7.18,8.94,4.68,5.91,4.54,2.56,4.15,8.18,3.61,2.60,3.49,3.69,5.50,7.82,8.86,3.94,1.73,5.70,0.28,0.32,5.15,2.38,1.47,0.76,4.16,0.44,2.83,1.73,7.20,7.93,6.54,8.10,0.66,4.94,0.18,3.24,1.69,5.34,6.87,2.43,3.29,7.01,5.30,2.95,0.32,8.57,1.99,0.08,4.54,5.09,4.62,0.10,3.60,3.04,8.75,1.51,3.34,8.01,1.85,4.16,3.48,4.70,1.60,8.50,4.40,5.09,3.43,3.20,2.18,7.13,4.45,4.02,4.77,7.32,3.35,6.42,8.86,2.43,3.48,2.37,4.50,3.28,1.89,7.14,7.51,4.33,4.31,6.81,7.63,5.38,0.62,5.67,8.36,2.50,3.63,4.75,0.44,1.12
3.16,6.50,7.84,3.40,5.78,1.81,4.89,3.73,7.87,4.11,1.50,7.08,4.42,1.11,7.05,7.69,1.84,8.68,8.99,7.07,5.11,2.25,7.97,7.46,4.41,3.34,7.75,3.84,8.32,4.33,7.80,7.40,4.93,6.11,2.20,2.23,8.26,5.33,0.22,2.32,3.73,1.90,1.56,7.38,2.90,4.74,4.84,8.11,7.70,5.10,8.14,7.33,4.65,6.66,4.41,7.59,2.32,1.31,4.38,2.03,8.38,5.21,6.49,5.76,5.02,8.20,0.72,1.95,0.96,1.85,4.65,8.36,7.08,1.10,4.05,7.71,2.49,6.19,0.25,2.78,2.68,2.37,2.30,2.99,0.95,1.22,1.83,8.30,2.61,3.04,2.37,4.08,6.51,6.22,3.94,5.06,2.56,5.69,0.79,0.91
3.52,5.45,3.98,2.66,1.06,2.03,1.55,7.37,1.13,7.95,0.42,8.77,0.93,5.01,2.40,1.92,8.15,0.33,7.32,6.35,8.54,1.19,7.41,4.67,0.60,0.27,4.48,4.17,8.20,6.36,0.74,6.62,2.15,7.72,7.41,1.27,2.23,0.22,5.64,5.89,8.42,7.40,4.35,0.22,2.17,5.10,6.74,2.40,0.17,3.50,2.70,7.19,2.46,2.83,7.86,7.06,4.54,8.03,2.99,2.54,6.35,4.01,6.49,5.21,6.89,4.29,1.56,3.69,6.04,7.00,6.29,1.23,4.95,8.41,5.49,6.09,5.47,3.02,1.88,1.27,7.01,2.76,0.93,6.94,7.00,8.13,2.61,1.98,0.26,7.71,6.48,2.77,1.31,2.12,3.84,8.06,4.79,6.13,4.73,1.26
7.59,8.49,0.78,0.56,1.97,1.71,3.28,6.29,4.26,7.68,6.83,7.92,6.78,1.61,0.76,4.47,0.08,0.81,7.63,3.80,5.96,0.59,3.15,6.40,4.11,2.04,3.94,4.08,2.53,7.28,4.89,7.21,2.12,3.55,2.57,2.67,6.19,8.34,4.25,4.82,8.42,5.93,0.77,6.81,5.80,6.24,0.25,0.62,2.21,4.60,8.80,7.66,2.59,4.68,6.07,6.90,2.22,2.75,4.50,8.97,5.37,7.52,1.31,5.25,8.55,8.14,1.15,8.43,8.04,2.59,6.36,6.76,7.89,1.18,4.09,4.95,5.41,1.45,6.34,0.76,3.12,0.27,3.42,1.48,0.11,2.60,7.00,8.57,7.32,0.41,5.70,6.89,8.45,1.92,3.20,0.39,8.02,6.26,2.40,6.68
1.36,7.00,5.64,3.95,4.54,2.91,1.31,7.88,2.90,7.07,4.04,5.20,3.47,7.83,7.61,3.24,4.63,3.02,0.66,3.16,3.07,6.00,3.04,2.04,7.10,4.50,1.01,8.23,6.00,1.70,1.78,0.95,4.00,2.07,1.93,6.89,3.93,4.07,2.23,5.89,0.97,5.36,1.28,8.18,2.70,8.84,6.01,8.48,7.00,8.42,8.92,8.33,0.16,0.12,0.65,3.45,0.75,2.86,6.54,6.25,3.85,7.77,7.18,0.78,0.60,0.85,0.46,1.61,4.73,2.33,8.77,8.85,3.23,8.68,2.29,2.65,2.15,3.01,3.26,1.14,0.81,2.32,2.13,8.78,6.97,5.49,8.14,1.06,6.79,7.69,8.50,3.92,6.16,7.40,3.01,2.55,2.46,1.36,1.75,0.90
5.47,1.59,6.44,8.68,5.99,5.87,6.59,6.95,6.01,7.43,8.02,0.35,5.32,6.23,0.50,4.99,3.01,4.68,8.76,8.49,2.23,7.02,5.69,1.98,1.96,0.29,2.32,3.80,8.72,6.28,3.26,7.18,2.35,7.99,1.11,0.97,2.54,1.44,2.04,1.97,1.29,1.85,8.38,0.57,8.22,1.72,8.46,3.09,4.94,1.90,3.82,3.00,4.51,6.86,0.47,6.28,2.48,1.08,7.13,8.58,3.86,6.94,4.54,8.86,6.39,0.67,1.45,8.01,6.07,4.22,7.74,3.64,3.46,5.70,4.75,3.63,0.00,3.25,3.28,3.44,3.87,3.51,1.10,6.68,4.07,8.98,1.05,6.66,7.04,1.82,2.74,6.08,2.65,7.71,7.52,2.47,7.93,7.75,8.04,8.90
7.34,8.85,7.75,0.65,4.06,5.53,4.23,6.31,6.75,6.97,7.37,3.14,4.60,8.46,2.68,6.83,7.30,5.58,2.59,6.75,2.56,6.32,8.28,0.14,8.60,4.99,2.74,8.28,6.63,4.59,2.86,5.02,5.21,1.03,6.03,7.89,7.95,7.93,1.02,2.00,3.16,8.59,8.08,6.86,1.55,5.42,8.23,5.39,2.51,8.56,3.09,0.27,3.52,3.14,8.77,3.07,4.18,8.77,7.48,0.02,8.93,8.21,8.90,0.91,4.14,2.12,6.90,1.46,2.79,2.95,2.04,3.88,6.27,5.55,5.78,4.03,4.22,3.43,6.64,0.01,7.70,8.28,1.65,2.75,3.58,1.54,1.21,2.16,4.35,2.04,5.68,7.73,8.64,6.05,0.20,7.56,6.15,2.65,2.03,7.13
4.15,6.71,7.25,6.66,4.83,6.87,4.30,6.89,2.48,3.93,8.91,3.32,8.54,1.93,5.15,1.98,7.18,2.88,4.96,3.21,0.55,1.93,6.05,7.67,8.18,0.46,5.40,7.82,7.74,1.01,0.94,4.97,5.53,6.11,1.68,0.64,3.26,5.90,2.73,6.20,7.04,3.00,8.12,2.31,2.06,3.87,2.18,6.49,5.74,7.17,1.47,8.30,7.46,0.92,3.57,5.07,0.71,5.44,2.44,3.03,5.63,1.05,8.09,7.35,3.66,3.83,8.32,4.33,7.27,6.38,5.68,5.92,2.04,7.15,0.75,2.02,5.48,5.87,7.54,1.11,8.69,7.58,0.43,0.71,2.10,1.61,3.74,3.87,4.83,4.84,4.14,7.18,8.57,2.03,1.17,8.63,6.39,8.31,8.23,3.33
4.52,6.82,1.10,1.33,3.91,7.64,8.59,6.18,5.30,1.36,1.71,0.27,7.78,3.60,4.53,2.69,2.67,3.62,4.30,6.00,4.82,1.68,1.57,2.39,0.73,8.13,7.17,1.77,3.30,4.83,3.36,0.83,4.13,2.88,0.20,0.78,0.14,6.50,8.81,8.07,4.26,1.13,1.09,2.75,0.72,0.59,7.58,6.56,3.21,0.61,3.42,0.34,7.87,8.49,0.01,4.01,7.44,6.02,5.04,5.41,0.59,0.11,2.74,5.28,8.89,1.91,7.46,3.15,0.90,6.78,2.58,7.72,8.77,7.32,2.64,1.84,8.32,0.59,2.54,2.13,0.06,7.50,4.72,3.41,1.01,8.44,0.82,0.82,6.03,8.80,5.63,2.69,8.96,0.44,6.85,6.86,6.35,4.99,3.74,6.40
0.38,6.26,0.13,3.32,4.64,6.07,3.40,3.93,3.91,2.96,2.68,7.05,0.14,5.89,8.38,7.82,3.85,3.26,3.39,7.22,5.74,8.14,7.08,0.85,2.11,1.94,2.40,2.17,6.56,1.29,1.91,0.81,6.31,4.62,1.39,7.86,3.13,3.27,2.27,1.66,1.45,6.56,7.74,8.75,7.95,0.30,4.93,4.82,1.72,3.63,0.80,5.63,6.22,4.81,8.21,4.95,1.95,0.91,1.52,8.84,2.98,1.06,1.28,7.39,0.46,8.32,0.50,0.07,8.90,2.24,3.84,5.03,5.17,7.63,1.20,5.88,3.27,1.38,7.34,2.26,1.82,4.05,6.22,1.62,4.72,1.49,8.39,0.33,0.52,3.57,1.72,6.77,6.46,6.97,5.60,3.26,0.66,0.61,8.47,4.48
8.86,1.85,4.38,6.55,8.16,4.65,2.46,3.52,8.01,4.34,2.93,1.81,7.39,5.37,8.24,0.12,7.30,6.72,0.81,2.60,8.79,7.26,5.79,3.93,4.22,0.23,0.59,6.81,1.43,7.34,5.20,0.66,3.74,2.06,2.38,7.31,8.23,7.36,7.15,1.12,3.26,7.96,6.84,4.40,1.84,4.30,0.72,7.14,2.20,2.69,6.44,0.36,4.65,0.29,4.81,1.02,4.18,4.13,8.67,1.79,7.66,0.75,2.48,2.08,2.40,0.23,7.13,3.39,1.52,6.18,3.72,7.73,4.48,8.34,5.27,3.80,8.40,7.74,2.90,4.93,5.49,6.00,2.23,0.09,2.27,2.45,0.78,8.92,4.35,1.67,2.65,4.36,1.79,1.33,6.38,3.68,8.79,7.38,2.87,4.37
2.76,8.89,5.93,1.51,2.14,1.83,6.15,8.13,8.57,5.42,1.18,4.12,1.01,5.14,1.98,5.80,0.25,3.14,1.42,4.47,8.87,4.96,4.13,4.62,0.31,5.86,2.37,5.50,5.19,5.43,6.53,1.99,4.27,0.03,3.08,4.72,6.81,3.31,2.88,8.54,4.57,2.05,1.31,2.32,4.78,6.61,5.24,2.59,0.45,6.71,1.36,0.82,5.78,4.07,3.01,4.60,8.18,2.29,3.66,3.24,4.04,5.53,7.52,4.51,4.27,1.91,5.61,1.06,3.06,1.85,2.07,5.48,2.69,4.60,0.69,6.47,4.79,7.47,4.62,7.34,6.57,7.45,6.66,4.47,4.23,1.93,5.98,4.37,4.20,7.68,1.66,1.69,2.00,4.67,3.73,8.98,4.38,8.31,1.22,2.47
1.76,3.85,4.12,8.48,8.49,2.72,6.94,4.45,5.89,7.42,6.29,0.42,6.86,2.60,4.15,2.53,0.11,6.91,0.10,3.64,8.70,3.58,0.91,7.23,7.52,0.36,1.82,7.72,1.34,1.15,4.12,0.22,4.15,0.82,4.25,1.27,8.36,7.34,0.90,0.97,5.21,8.43,5.96,2.85,8.10,7.48,7.90,4.06,0.89,8.03,5.57,3.65,4.01,2.93,1.23,0.44,7.40,4.23,5.07,1.42,1.77,2.07,4.86,0.24,6.43,5.48,4.04,6.84,6.97,0.09,4.52,3.02,7.47,6.76,8.00,8.42,2.27,1.70,4.70,6.63,8.70,5.50,3.10,4.15,3.08,1.35,1.91,7.40,7.39,4.83,6.76,3.47,8.97,4.41,7.04,3.30,1.61,2.44,7.56,6.55
7.79,2.42,2.93,4.57,1.59,4.32,0.11,8.14,5.85,0.91,2.01,1.88,0.38,7.41,6.20,7.55,5.16,3.05,8.25,4.82,2.28,1.27,7.24,2.06,4.06,2.90,4.29,2.99,3.54,5.35,6.44,8.00,3.66,2.05,3.52,7.13,3.87,0.73,7.35,1.37,3.00,1.08,1.92,5.65,6.85,1.73,5.57,1.22,3.38,8.99,1.67,1.64,8.04,1.79,6.48,1.13,4.68,2.78,8.95,8.81,6.23,4.67,4.26,2.50,7.71,4.29,4.53,2.42,1.39,5.75,1.64,0.24,5.86,6.63,2.66,3.75,6.02,1.58,0.71,3.39,8.01,3.10,0.99,0.27,2.19,1.74,5.81,1.14,6.95,1.42,0.87,7.92,8.34,3.50,3.57,6.51,6.99,6.13,1.93,6.73